G = zeros(31,32);
% See plot on 013-08-10 (3):
% Proceed through the graph by rows:

% 1
G(2,23) = 2; G(2,25) = 6;
G(3,26) = 6; G(3,28) = 5; G(3,29) = 5;
G(4,11) = 1; G(4,13) = 11; G(4,15) = 1; G(4,17) = 11; G(4,19) = 1; G(4,21) = 11; G(4,23) = 2; G(4,28) = 5; G(4,29) = 5;
G(5,4) = 1; G(5,5) = 1; G(5,25) = 2;
G(6,4) = 1; G(6,5) = 1; G(6,27) = 2;
G(7,25) = 5;
G(8,25) = 5; G(8,29) = 5; G(8,30) = 5;
G(9,11) = 5; G(9,13) = 11; G(9,15) = 4; G(9,17) = 14; G(9,19) = 16; G(9,21) = 15; G(9,23) = 7; G(9,29) = 5; G(9,30) = 5;
% 10
G(11,11) = 11; G(11,13) = 11;
G(12,4) = 2; G(12,5) = 2; G(12, 19) = 16; G(12,29) = 7; G(12,30) = 7;
G(13,4) = 2; G(13,5) = 2; G(13,14) = 4; G(13,29) = 7; G(13,30) = 7;
% 14
G(15,23) = 16; G(15,26) = 16;
G(16,21) = 15; G(16,25) = 15;
% 17
G(18,7) = 5; G(18,13) = 4;
% 19
% 20
G(21,19) = 16;
% 22
G(23,15) = 13;
G(24,7) = 4; G(24,29) = 8; G(24,30) = 8;
% 25
G(26,29) = 8;
% 27
G(28,9) = 4; G(28,11) = 12; G(28,12) = 12; G(28,14) = 13; G(28,16) = 14; G(28,18) = 16; G(28,20) = 10; G(28,22) = 10; G(28,24) = 9; G(28,26) = 9; G(28,28) = 8; G(28,30) = 7;
% 29
% 30
% 31
